Webots Project File version R2025a
perspectives: 000000ff00000000fd0000000300000000000001ca0000039ffc0200000001fb00000012005300630065006e0065005400720065006501000000000000039f0000000000000000000000010000022d000002c6fc0200000001fb0000001400540065007800740045006400690074006f00720100000000000002c60000008a00ffffff00000003000006ae00000132fc0100000003fb0000000e0043006f006e0073006f006c006501000001d0000005b00000000000000000fc00000000000006ae0000008700fffffffa000000000100000001fb0000001a0043006f006e0073006f006c00650041006c006c0041006c006c0100000000ffffffff0000008700fffffffb0000001a0043006f006e0073006f006c00650041006c006c0041006c006c01000000000000075000000000000000000000047f000002c600000004000000040000000100000008fc00000000
simulationViewPerspectives: 000000ff0000000100000002000000000000042f0100000002010000000101
sceneTreePerspectives: 000000ff00000001000000030000001e000000c0000000fa0100000002010000000201
maximizedDockId: -1
centralWidgetVisible: 1
orthographicViewHeight: 1
textFiles: 0 "../../../../Navegación Autónoma/Teams/Actividad 3.1 - Detección de Peatones con SVM/SDC_webots/controllers/supervisor_controller/supervisor_controller.py"
consoles: Console:All:All
renderingDevicePerspectives: vehicle:camera;1;1;0.0100287;0.0596206
renderingDevicePerspectives: vehicle:display_image;1;1;0.551143;0.0230352
